0 65535 65535 121 574 935 621
0 12632064 65535 121 576 935 29
1 65535 255 780 173 891 251
2 12632064 12632064 736 281 710 328
2 12632064 65535 775 290 745 334
2 12632064 65535 711 266 681 300
2 12632064 65535 669 215 622 227
2 12632064 65535 661 149 616 141
2 12632064 65535 670 101 627 77
2 12632064 65535 699 63 663 36
2 12632064 65535 656 184 638 196
2 12632064 65535 741 275 728 309
2 12632064 65535 686 244 660 264
2 12632064 65535 801 283 821 320
2 12632064 65535 834 274 865 306
2 12632064 65535 868 264 901 285
2 12632064 65535 893 239 920 257
2 12632064 65535 916 207 937 216
1 255 65535 710 135 726 162
1 255 65535 770 129 793 147
1 255 65535 739 168 746 176
0 0 65535 741 231 793 243
0 0 255 -2147483545 -2147483624 104 25
0 0 255 582 454 668 501
0 0 255 728 250 780 258
0 0 255 754 89 787 97
0 0 255 696 108 721 113
0 12632064 12632064 2147483639 -2147483611 -8 38
0 0 12632064 714 133 717 139
0 0 12632064 763 124 769 131
0 0 12632064 43 460 146 508
0 0 255 283 112 291 210
0 0 255 290 162 322 164
0 0 255 314 127 323 203
0 0 255 333 177 348 195
0 0 255 346 152 358 201
0 0 255 355 153 371 202
0 0 255 376 173 403 192
0 0 255 428 129 468 188
0 0 255 483 159 489 179
0 0 255 479 134 491 144
0 0 255 498 137 508 189
0 0 255 503 160 518 179
0 0 255 503 146 523 156
0 0 255 534 149 555 178
0 0 255 275 296 328 388
0 0 255 324 294 336 385
0 0 255 347 325 383 379
0 0 255 424 338 502 408
0 0 255 486 348 534 384
0 0 255 439 335 470 349
0 0 255 569 345 603 376
0 0 255 603 348 634 377
0 0 255 632 345 643 372
0 0 255 648 356 720 405
0 0 255 610 347 624 353
0 0 255 574 359 585 361
0 0 255 314 450 359 479
0 0 255 387 450 422 486
0 0 255 313 451 335 465
0 0 255 472 455 529 490
0 0 255 533 462 585 524
0 0 255 540 464 546 482
0 0 255 614 463 641 499
0 0 255 649 477 682 503
0 0 255 687 450 714 501
0 0 255 715 469 744 501
0 0 255 688 472 704 474
0 0 255 2147483647 2147483647 0 0
